1 2 9.859710483631966
2 1 9.859710483631966
1 3 9.472442037815807
3 1 9.472442037815807
3 4 9.446640507404863
4 3 9.446640507404863
3 5 9.548043828889039
5 3 9.548043828889039
5 6 9.795452743551103
6 5 9.795452743551103
5 7 9.027213426607178
7 5 9.027213426607178
7 8 9.193369227257335
8 7 9.193369227257335
7 9 9.587795049580667
9 7 9.587795049580667
9 10 9.262316474267303
10 9 9.262316474267303
9 11 9.466314021619212
11 9 9.466314021619212
11 12 9.551383385445837
12 11 9.551383385445837
11 13 9.124824588449679
13 11 9.124824588449679
13 14 9.631817592482598
14 13 9.631817592482598
13 15 9.606539370717972
15 13 9.606539370717972
15 16 9.483014908100769
16 15 9.483014908100769
15 17 9.42809151908814
17 15 9.42809151908814
17 18 9.251326380669273
18 17 9.251326380669273
17 19 9.151486135224813
19 17 9.151486135224813
19 20 9.092081204362046
20 19 9.092081204362046
2 21 9.633932251076127
21 2 9.633932251076127
2 4 9.261862129866946
4 2 9.261862129866946
4 22 9.938961926438921
22 4 9.938961926438921
4 6 9.474259540200228
6 4 9.474259540200228
6 23 9.727841979886346
23 6 9.727841979886346
6 8 9.716947690610702
8 6 9.716947690610702
8 24 9.822423090821154
24 8 9.822423090821154
8 10 9.344705267644823
10 8 9.344705267644823
10 25 9.326303777447782
25 10 9.326303777447782
10 12 9.819109157532473
12 10 9.819109157532473
12 26 9.236560122276051
26 12 9.236560122276051
12 14 9.107225614822493
14 12 9.107225614822493
14 27 9.042815878134585
27 14 9.042815878134585
14 16 9.625420977216775
16 14 9.625420977216775
16 28 9.277943364327212
28 16 9.277943364327212
16 18 9.286813784193658
18 16 9.286813784193658
18 29 9.808463244697048
29 18 9.808463244697048
18 20 9.367280333199783
20 18 9.367280333199783
20 30 9.38640167265296
30 20 9.38640167265296
21 31 9.042058155090041
31 21 9.042058155090041
21 22 9.036940716808981
22 21 9.036940716808981
22 32 9.016917308067264
32 22 9.016917308067264
22 23 9.790926308257795
23 22 9.790926308257795
23 33 9.064115253137375
33 23 9.064115253137375
23 24 9.135404783565718
24 23 9.135404783565718
24 34 9.227860084402936
34 24 9.227860084402936
24 25 9.292192625402443
25 24 9.292192625402443
25 35 9.319641950472057
35 25 9.319641950472057
25 26 9.683620674642858
26 25 9.683620674642858
26 36 9.066728102766895
36 26 9.066728102766895
26 27 9.655278880982836
27 26 9.655278880982836
27 37 9.543885164090838
37 27 9.543885164090838
27 28 9.537011248320788
28 27 9.537011248320788
28 38 9.458533421137007
38 28 9.458533421137007
28 29 9.15444648903571
29 28 9.15444648903571
29 39 9.34941057357414
39 29 9.34941057357414
29 30 9.42273539725491
30 29 9.42273539725491
30 40 9.420735573525578
40 30 9.420735573525578
31 41 9.163284410644312
41 31 9.163284410644312
31 32 9.613307134269467
32 31 9.613307134269467
32 42 9.948903213265448
42 32 9.948903213265448
32 33 9.283349456752408
33 32 9.283349456752408
33 43 9.35149867312176
43 33 9.35149867312176
33 34 9.89803751154376
34 33 9.89803751154376
34 44 9.19770564818882
44 34 9.19770564818882
34 35 9.044389268846937
35 34 9.044389268846937
35 45 9.781971958364851
45 35 9.781971958364851
35 36 9.328531671624782
36 35 9.328531671624782
36 46 9.818020949992189
46 36 9.818020949992189
36 37 9.897745447508079
37 36 9.897745447508079
37 47 9.652263067880678
47 37 9.652263067880678
37 38 9.13634103488812
38 37 9.13634103488812
38 48 9.292783585755076
48 38 9.292783585755076
38 39 9.035945498242839
39 38 9.035945498242839
39 49 9.162602179819604
49 39 9.162602179819604
39 40 9.342297872986846
40 39 9.342297872986846
40 50 9.02281661043587
50 40 9.02281661043587
41 51 9.855103887585315
51 41 9.855103887585315
41 42 9.233826398198996
42 41 9.233826398198996
42 52 9.194929386527809
52 42 9.194929386527809
42 43 9.156268409551151
43 42 9.156268409551151
43 53 9.296394837764918
53 43 9.296394837764918
43 44 9.563660962524239
44 43 9.563660962524239
44 54 9.34857605284092
54 44 9.34857605284092
44 45 9.6517020996913
45 44 9.6517020996913
45 55 9.986190647244896
55 45 9.986190647244896
45 46 9.424408103497292
46 45 9.424408103497292
46 56 9.632180258797366
56 46 9.632180258797366
46 47 9.88056994162661
47 46 9.88056994162661
47 57 9.431850098899238
57 47 9.431850098899238
47 48 9.169993087626056
48 47 9.169993087626056
48 58 9.670582614485776
58 48 9.670582614485776
48 49 9.68306935105038
49 48 9.68306935105038
49 59 9.299891370150162
59 49 9.299891370150162
49 50 9.986658411212614
50 49 9.986658411212614
50 60 9.19009571627929
60 50 9.19009571627929
51 61 9.340898980941095
61 51 9.340898980941095
51 52 9.818333398049932
52 51 9.818333398049932
52 62 9.018986255802714
62 52 9.018986255802714
52 53 9.065280433013696
53 52 9.065280433013696
53 63 9.925489097227182
63 53 9.925489097227182
53 54 9.188344889112269
54 53 9.188344889112269
54 64 9.48526448449319
64 54 9.48526448449319
54 55 9.728741866389393
55 54 9.728741866389393
55 65 9.954107855199709
65 55 9.954107855199709
55 56 9.917717128479268
56 55 9.917717128479268
56 66 9.851151174765103
66 56 9.851151174765103
56 57 9.998693508937333
57 56 9.998693508937333
57 67 9.420927985049534
67 57 9.420927985049534
57 58 9.865302693273069
58 57 9.865302693273069
58 68 9.523742045412703
68 58 9.523742045412703
58 59 9.121015469697785
59 58 9.121015469697785
59 69 9.990642734643995
69 59 9.990642734643995
59 60 9.78006631231813
60 59 9.78006631231813
60 70 9.883627914948743
70 60 9.883627914948743
61 71 9.88971036174401
71 61 9.88971036174401
61 62 9.841860116272231
62 61 9.841860116272231
62 72 9.436779432630118
72 62 9.436779432630118
62 63 9.49252360997819
63 62 9.49252360997819
63 73 9.335758245743225
73 63 9.335758245743225
63 64 9.258263618107211
64 63 9.258263618107211
64 74 9.9606199173526
74 64 9.9606199173526
64 65 9.379366848919746
65 64 9.379366848919746
65 75 9.564418917331393
75 65 9.564418917331393
65 66 9.543142683613041
66 65 9.543142683613041
66 76 9.592173000137064
76 66 9.592173000137064
66 67 9.170414681603047
67 66 9.170414681603047
67 77 9.330190514243677
77 67 9.330190514243677
67 68 9.58203206763448
68 67 9.58203206763448
68 78 9.175270599908675
78 68 9.175270599908675
68 69 9.693035881078835
69 68 9.693035881078835
69 79 9.375736075927556
79 69 9.375736075927556
69 70 9.445651313615604
70 69 9.445651313615604
70 80 9.842248643768894
80 70 9.842248643768894
71 81 9.899256369753905
81 71 9.899256369753905
71 72 9.566710816125545
72 71 9.566710816125545
72 82 9.803068159262516
82 72 9.803068159262516
72 73 9.732875692429312
73 72 9.732875692429312
73 83 9.401483812106875
83 73 9.401483812106875
73 74 9.649766468217516
74 73 9.649766468217516
74 84 9.141541648948976
84 74 9.141541648948976
74 75 9.790101082480048
75 74 9.790101082480048
75 85 9.656116848691722
85 75 9.656116848691722
75 76 9.833406731094184
76 75 9.833406731094184
76 86 9.34371348922949
86 76 9.34371348922949
76 77 9.14732281012259
77 76 9.14732281012259
77 87 9.032311474547637
87 77 9.032311474547637
77 78 9.696127734113105
78 77 9.696127734113105
78 88 9.696036384526176
88 78 9.696036384526176
78 79 9.610174271550209
79 78 9.610174271550209
79 89 9.28701087839294
89 79 9.28701087839294
79 80 9.014738787235856
80 79 9.014738787235856
80 90 9.766802285181072
90 80 9.766802285181072
81 91 9.585400339190082
91 81 9.585400339190082
81 82 9.060530644975376
82 81 9.060530644975376
82 92 9.391752226424874
92 82 9.391752226424874
82 83 9.173685023619456
83 82 9.173685023619456
83 93 9.754759793709423
93 83 9.754759793709423
83 84 9.671472552056981
84 83 9.671472552056981
84 94 9.334621619515556
94 84 9.334621619515556
84 85 9.007242430657845
85 84 9.007242430657845
85 95 9.75118905828227
95 85 9.75118905828227
85 86 9.244898997885514
86 85 9.244898997885514
86 96 9.282347115821011
96 86 9.282347115821011
86 87 9.675466872316926
87 86 9.675466872316926
87 97 9.70402197747308
97 87 9.70402197747308
87 88 9.186607533706495
88 87 9.186607533706495
88 98 9.251173391216044
98 88 9.251173391216044
88 89 9.207043846337852
89 88 9.207043846337852
89 99 9.575984030328707
99 89 9.575984030328707
89 90 9.401076720265637
90 89 9.401076720265637
90 100 9.827942953223936
100 90 9.827942953223936
91 92 9.80972734968537
92 91 9.80972734968537
92 93 9.682004904912278
93 92 9.682004904912278
93 94 9.953040807413243
94 93 9.953040807413243
94 95 9.35922541285722
95 94 9.35922541285722
95 96 9.084268176653389
96 95 9.084268176653389
96 97 9.68030889218613
97 96 9.68030889218613
97 98 9.888921734720832
98 97 9.888921734720832
98 99 9.19622120360541
99 98 9.19622120360541
99 100 9.986347044549754
100 99 9.986347044549754
100 100 0.0
